Chart Recorder Data File Thu, Mar 03, 2022 11:12 AM
CH1 (V)  	CH2 (V)  
-0.437226562	0.001953125
-0.437226562	-0.000488281
-0.437226562	0.002441406
-0.437226562	-0.000488281
-0.437226562	0.002441406
-0.437226562	-0.000488281
-0.437226562	0.002441406
-0.437226562	-0.000488281
-0.437226562	0.001953125
-0.437226562	-0.000488281
-0.437226562	0.001953125
-0.437226562	-0.000488281
-0.437226562	0.002441406
-0.437226562	-0.000488281
-0.437226562	0.002441406
-0.437226562	-0.000488281
-0.437226562	0.001953125
-0.437226562	0.000000000
-0.437226562	0.002929687
-0.437226562	0.000000000
-0.359150391	0.002441406
-0.249843750	0.000000000
-0.124921875	0.001953125
-0.015615234	-0.000488281
0.109306641	0.002441406
0.218613281	-0.000488281
0.327919922	0.001953125
0.437226562	-0.000488281
0.562148437	0.002441406
0.671455078	0.000000000
0.796376953	0.002441406
0.905683594	0.000488281
1.014990234	0.003417969
1.139912109	0.000488281
1.264833984	0.002441406
1.374140625	0.000000000
1.499062500	0.002929687
1.592753906	0.000000000
1.717675781	0.002441406
1.826982422	0.000000000
1.951904297	0.001953125
2.061210937	0.000000000
2.186132812	0.002441406
2.295439453	0.000488281
2.420361328	0.003417969
2.529667969	0.000976562
2.638974609	0.003906250
2.763896484	0.001464844
2.888818359	0.003906250
2.982509766	0.002441406
3.107431641	0.004394531
3.216738281	0.002929687
3.341660156	0.005371094
3.450966797	0.003906250
3.575888672	0.006347656
3.685195312	0.004882812
3.810117187	0.008300781
3.919423828	0.006835937
4.013115234	0.010253906
4.138037109	0.009277344
4.247343750	0.013183594
4.356650391	0.012207031
4.481572266	0.016113281
4.590878906	0.016113281
4.715800781	0.020019531
4.825107422	0.020019531
4.934414063	0.024902344
5.043720703	0.025878906
5.168642578	0.030273437
5.277949219	0.032226562
5.402871094	0.037597656
5.512177734	0.041015625
5.637099609	0.048339844
5.746406250	0.052246094
5.871328125	0.062011719
5.980634766	0.068359375
6.089941406	0.079589844
6.199248047	0.085937500
6.324169922	0.095214844
6.433476563	0.097656250
6.558398438	0.101562500
6.667705078	0.101074219
6.792626953	0.103515625
6.901933594	0.102050781
7.011240234	0.103027344
7.136162109	0.100097656
7.245468750	0.100097656
7.370390625	0.096679687
7.479697266	0.096191406
7.589003906	0.092773437
7.713925781	0.092285156
7.823232422	0.088867187
7.948154297	0.088378906
8.041845703	0.085449219
8.151152344	0.085937500
8.260458984	0.083007812
8.385380859	0.084472656
8.510302734	0.083007812
8.619609375	0.084960937
8.728916016	0.084472656
8.853837891	0.087890625
8.947529297	0.088867187
9.072451172	0.093261719
9.197373047	0.095214844
9.306679687	0.101074219
9.431601562	0.104492187
9.540908203	0.111816406
9.665830078	0.116210937
9.775136719	0.125976562
9.884443359	0.129882812
9.993750000	0.140136719
10.118671875	0.147460937
10.227978516	0.159667969
10.352900391	0.169433594
10.462207031	0.184082031
10.571513672	0.197265625
10.696435547	0.216308594
10.805742187	0.231933594
10.930664062	0.250976562
11.039970703	0.263671875
11.164892578	0.274414062
11.274199219	0.275878906
11.383505859	0.274414062
11.508427734	0.267089844
11.617734375	0.260742187
11.742656250	0.252929687
11.851962891	0.245117187
11.945654297	0.234863281
12.054960938	0.224609375
12.179882813	0.214355469
12.289189453	0.205566406
12.414111328	0.197265625
12.523417969	0.190917969
12.632724609	0.182617187
12.757646484	0.177734375
12.866953125	0.172851562
12.991875000	0.170410156
13.101181641	0.168457031
13.226103516	0.168457031
13.335410156	0.168457031
13.444716797	0.170898437
13.569638672	0.172851562
13.694560547	0.177734375
13.803867187	0.182128906
13.913173828	0.189941406
14.022480469	0.196289062
14.147402344	0.205566406
14.256708984	0.213867187
14.366015625	0.224609375
14.490937500	0.233886719
14.600244141	0.246582031
14.725166016	0.257812500
14.834472656	0.271484375
14.943779297	0.283691406
15.068701172	0.299316406
15.178007813	0.312988281
15.302929687	0.330078125
15.412236328	0.345703125
15.537158203	0.363769531
15.646464844	0.379394531
15.771386719	0.394531250
15.865078125	0.405273437
15.974384766	0.412109375
16.083691406	0.414062500
16.208613281	0.410644531
16.317919922	0.404296875
16.427226562	0.395019531
16.552148438	0.385253906
16.661455078	0.375000000
16.770761719	0.363281250
16.895683594	0.349609375
17.004990234	0.334960937
17.129912109	0.320800781
17.239218750	0.308593750
17.364140625	0.296875000
17.473447266	0.286621094
17.598369141	0.276367187
17.707675781	0.268554687
17.832597656	0.262695312
17.941904297	0.258789062
18.051210937	0.256347656
18.160517578	0.255859375
18.285439453	0.256835937
18.394746094	0.259277344
18.519667969	0.264160156
18.628974609	0.270507812
18.753896484	0.277832031
18.847587891	0.286132812
18.972509766	0.295898437
19.081816406	0.306152344
19.206738281	0.319335937
19.316044922	0.332031250
19.440966797	0.345703125
19.550273437	0.359863281
19.675195313	0.375488281
19.784501953	0.390625000
19.893808594	0.407714844
19.987500000	0.423828125
20.112421875	0.442871094
20.221728516	0.459472656
20.346650391	0.477050781
20.455957031	0.493164062
20.580878906	0.506347656
20.690185547	0.516113281
20.815107422	0.520507812
20.924414062	0.520507812
21.049335938	0.516601562
21.158642578	0.510742187
21.283564453	0.504394531
21.377255859	0.497558594
21.502177734	0.486816406
21.611484375	0.476562500
21.736406250	0.463867187
21.845712891	0.452148437
21.955019531	0.437500000
22.064326172	0.425292969
22.189248047	0.411621094
22.314169922	0.400878906
22.423476562	0.388183594
22.532783203	0.378417969
22.657705078	0.368164062
22.767011719	0.362304687
22.891933594	0.355957031
23.001240234	0.353027344
23.110546875	0.349609375
23.235468750	0.349609375
23.344775391	0.350097656
23.469697266	0.353515625
23.579003906	0.357910156
23.688310547	0.365234375
23.813232422	0.372558594
23.906923828	0.381835937
24.016230469	0.393066406
24.141152344	0.404785156
24.250458984	0.417968750
24.359765625	0.432617187
24.484687500	0.447265625
24.593994141	0.463867187
24.718916016	0.480957031
24.828222656	0.498046875
24.937529297	0.516113281
25.062451172	0.534179687
25.187373047	0.552246094
25.296679687	0.570800781
25.405986328	0.586914062
25.515292969	0.601562500
25.640214844	0.612792969
25.765136719	0.620605469
25.874443359	0.622070312
25.983750000	0.622070312
26.093056641	0.615722656
26.217978516	0.609863281
26.327285156	0.599121094
26.452207031	0.588378906
26.561513672	0.570800781
26.686435547	0.556152344
26.795742188	0.541503906
26.905048828	0.532226562
27.029970703	0.520507812
27.139277344	0.510742187
27.264199219	0.498535156
27.373505859	0.489746094
27.498427734	0.479003906
27.592119141	0.472167969
27.717041016	0.463378906
27.826347656	0.458496094
27.935654297	0.452148437
28.044960938	0.449218750
28.169882812	0.445312500
28.279189453	0.446289062
28.388496094	0.445800781
28.497802734	0.449707031
28.622724609	0.452148437
28.747646484	0.458984375
28.856953125	0.464843750
28.966259766	0.475097656
29.075566406	0.483398437
29.200488281	0.496093750
29.325410156	0.506835937
29.419101562	0.521484375
29.419101562	0.520507812
29.419101562	0.521972656
29.403486328	0.520507812
29.419101562	0.521972656
29.403486328	0.520996094
29.419101562	0.522460937
29.419101562	0.520996094
29.419101562	0.522460937
29.419101562	0.520507812
29.419101562	0.522460937
29.419101562	0.520996094
29.419101562	0.522460937
29.419101562	0.520507812
29.419101562	0.521972656
29.419101562	0.520507812
29.419101562	0.522460937
29.403486328	0.520507812
29.419101562	0.521972656
29.403486328	0.520507812
29.419101562	0.521972656
29.419101562	0.519531250
29.419101562	0.521484375
29.403486328	0.520019531
29.419101562	0.521484375
29.403486328	0.519531250
29.419101562	0.521972656
29.403486328	0.520019531
29.419101562	0.521972656
29.403486328	0.520019531
29.419101562	0.521972656
29.419101562	0.520019531
29.403486328	0.521484375
29.419101562	0.519531250
29.419101562	0.521972656
29.419101562	0.519531250
29.419101562	0.521972656
29.403486328	0.519531250
29.419101562	0.521484375
29.403486328	0.519531250
29.419101562	0.521484375
29.419101562	0.519042969
29.419101562	0.520507812
29.419101562	0.518554687
29.419101562	0.520996094
29.403486328	0.518554687
29.419101562	0.520996094
29.403486328	0.518554687
29.419101562	0.521484375
29.403486328	0.519042969
29.419101562	0.520996094
29.403486328	0.518554687